code
600763
300015
600276
300357
603259
300759
300347
002821
603127
300725
603882
300595
300529
002007
600161
603707
603658
300639
300653
300326
600529
300482
603939
002690
002675
603520
688389
300573
300630
002524
600223
688363
300558
000513
000739
300253
300451
002065
600521
688016
688198
688321
300601
002901
000661
300760
688310
688108
688202
688029
688085
688358
300463
300677
300206
300003
300246
300453
002432
002030
603392
688298
688139
300122
300142
600196
600036
002142
000001
601009
600030
300059
002271
600585
000672
603737
000708
000786
603208
600031
000157
603815
300767
600720
600984
002410
000090
002414
600519
000858
000568
600809
600305
603288
600872
603317
603027
002568
600132
600887
002557
603517
603345
002216
002507
603866
603605
603983
002511
002032
601888
600009
000333
000651
603899
603708
002697
000895
002714
000876
600201
000860
603195
002626
603719
600298
002242
002705
002959
300824
002706
002847
002661
300012
002967
300572
300416
601318
600900
001914
002607
601799
603429
300559
600377
002120
002311
603638
601100
000338
300413
300770
300628
002179
603338
688101
300815
603393
603713
002601
688012
002371
300661
603986
688008
603160
600584
688138
300236
688019
688126
300346
600703
688268
002916
002475
300433
002351
300782
000066
688002
600118
601698
300627
688396
603078
603290
688027
688981





